SOURCE,COD,NAME,TARGET
5215,00,(00) Total,5215
5114,0,(0) Menos de 1 año,5114
5126,1,(1) 1,5126
5137,2,(2) 2,5137
5148,3,(3) 3,5148
5159,4,(4) 4,5159
5170,5,(5) 5,5170
5181,6,(6) 6,5181
5192,7,(7) 7,5192
5203,8,(8) 8,5203
5214,9,(9) 9,5214
5116,10,(10) 10,5116
5117,11,(11) 11,5117
5118,12,(12) 12,5118
5119,13,(13) 13,5119
5120,14,(14) 14,5120
5121,15,(15) 15,5121
5122,16,(16) 16,5122
5123,17,(17) 17,5123
5124,18,(18) 18,5124
5125,19,(19) 19,5125
5127,20,(20) 20,5127
5128,21,(21) 21,5128
5129,22,(22) 22,5129
5130,23,(23) 23,5130
5131,24,(24) 24,5131
5132,25,(25) 25,5132
5133,26,(26) 26,5133
5134,27,(27) 27,5134
5135,28,(28) 28,5135
5136,29,(29) 29,5136
5138,30,(30) 30,5138
5139,31,(31) 31,5139
5140,32,(32) 32,5140
5141,33,(33) 33,5141
5142,34,(34) 34,5142
5143,35,(35) 35,5143
5144,36,(36) 36,5144
5145,37,(37) 37,5145
5146,38,(38) 38,5146
5147,39,(39) 39,5147
5149,40,(40) 40,5149
5150,41,(41) 41,5150
5151,42,(42) 42,5151
5152,43,(43) 43,5152
5153,44,(44) 44,5153
5154,45,(45) 45,5154
5155,46,(46) 46,5155
5156,47,(47) 47,5156
5157,48,(48) 48,5157
5158,49,(49) 49,5158
5160,50,(50) 50,5160
5161,51,(51) 51,5161
5162,52,(52) 52,5162
5163,53,(53) 53,5163
5164,54,(54) 54,5164
5165,55,(55) 55,5165
5166,56,(56) 56,5166
5167,57,(57) 57,5167
5173,62,(62) 62,5173
5175,64,(64) 64,5175
5176,65,(65) 65,5176
5168,58,(58) 58,5168
5169,59,(59) 59,5169
5171,60,(60) 60,5171
5179,68,(68) 68,5179
5172,61,(61) 61,5172
5178,67,(67) 67,5178
5174,63,(63) 63,5174
5216,NC,(NC) No consta,5216
5177,66,(66) 66,5177
5189,77,(77) 77,5189
5202,89,(89) 89,5202
5201,88,(88) 88,5201
