SOURCE,COD,NAME,TARGET
54888,00,(00) TOTAL,54888
53700,108,(108) España,53700
54560,C01,(C01) Andalucía,54560
53809,04,(04) Almería,53809
53855,11,(11) Cádiz,53855
53933,14,(14) Córdoba,53933
54155,18,(18) Granada,54155
54236,21,(21) Huelva,54236
54344,23,(23) Jaén,54344
54452,29,(29) Málaga,54452
54559,41,(41) Sevilla,54559
54565,RE,(RE) Resto de España,54565
54887,66,(66) Extranjero,54887
54682,6601,(6601) Europa,54682
54646,126,(126) Alemania,54646
54635,110,(110) Francia,54635
54639,115,(115) Italia,54639
54644,123,(123) Portugal,54644
54645,125,(125) Reino Unido,54645
54631,104,(104) Bulgaria,54631
54643,122,(122) Polonia,54643
54647,128,(128) Rumanía,54647
54675,154,(154) Rusia,54675
54669,135,(135) Ucrania,54669
54745,6602,(6602) África,54745
54683,203,(203) Argelia,54683
54687,228,(228) Marruecos,54687
54689,234,(234) Nigeria,54689
54728,239,(239) Senegal,54728
54795,6603,(6603) América,54795
54751,315,(315) Cuba,54751
54762,326,(326) República Dominicana,54762
54772,340,(340) Argentina,54772
54774,342,(342) Brasil,54774
54783,351,(351) Venezuela,54783
54773,341,(341) Bolivia,54773
54775,343,(343) Colombia,54775
54777,345,(345) Ecuador,54777
54779,347,(347) Paraguay,54779
54782,350,(350) Uruguay,54782
54852,6604,(6604) Asia,54852
54804,426,(426) Pakistán,54804
54812,407,(407) China,54812
54880,6605,(6605) Oceanía,54880
