SOURCE,COD,NAME,TARGET
23,TOTAL,23,23
4787,NP0000,4787,4787
4781,00,(00) TOTAL,TOTAL
4334,1,(1) Española,ES
4780,2,(2) Extranjera,OTHER_SPAIN
4782,,,4782
4442,01,(01) Europa,4442
4335,126,(126) Alemania,4335
4345,110,(110) Francia,4345
4353,115,(115) Italia,4353
4357,123,(123) Portugal,4357
4359,125,(125) Reino Unido,4359
4378,128,(128) Rumanía,4378
4374,122,(122) Polonia,4374
4364,104,(104) Bulgaria,4364
4380,154,(154) Rusia,4380
4433,135,(135) Ucrania,4433
4560,02,(02) África,4560
4443,203,(203) Argelia,4443
4449,228,(228) Marruecos,4449
4452,234,(234) Nigeria,4452
4531,239,(239) Senegal,4531
4616,03,(03) América,4616
4564,315,(315) Cuba,4564
4566,326,(326) República Dominicana,4566
4596,340,(340) Argentina,4596
4598,342,(342) Brasil,4598
4600,351,(351) Venezuela,4600
4602,341,(341) Bolivia,4602
4604,344,(344) Chile,4604
4603,343,(343) Colombia,4603
4605,345,(345) Ecuador,4605
4607,347,(347) Paraguay,4607
4610,350,(350) Uruguay,4610
4718,04,(04) Asia,4718
4629,426,(426) Pakistán,4629
4650,407,(407) China,4650
4767,05,(05) Oceanía,4767
4768,555,(555) Apátridas,4768
_Z,,_Z,_Z
